line
300 250 0 275 293.301 0
line
275 293.301 0 225 293.301 0
line
225 293.301 0 200 250 0
line
200 250 0 225 206.699 0
line
225 206.699 0 275 206.699 0
line
275 206.699 0 300 250 0
line
275 250 30 262.5 271.651 30
line
262.5 271.651 30 237.5 271.651 30
line
237.5 271.651 30 225 250 30
line
225 250 30 237.5 228.349 30
line
237.5 228.349 30 262.5 228.349 30
line
262.5 228.349 30 275 250 30
line
275 250 30 300 250 0
line
262.5 271.651 30 275 293.301 0
line
237.5 271.651 30 225 293.301 0
line
225 250 30 200 250 0
line
237.5 228.349 30 225 206.699 0
line
262.5 228.349 30 275 206.699 0
line
250 250 -50 300 250 0
line
250 250 -50 275 293.301 0
line
250 250 -50 225 293.301 0
line
250 250 -50 200 250 0
line
250 250 -50 225 206.699 0
line
250 250 -50 275 206.699 0
ident
rotate
x 85
rotate 
y 20
scale
3 3 3
move
-500 200 0
move
-250 -250 0
scale
-1 -1 1
move
250 280 0
apply
display
save
gem.png
